%Industrieofen
a=zeros(18);a(1,1)=-.217;a(2,2)=-1.825;a(3,2)=25.97;a(3,3)=-25.97;
a(4,4)=-.2;a(5,5)=-.16;a(6,6)=-6.06;a(7,6)=-.036;a(8,6)=8.51;a(7,7)=-.286;
a(8,8)=-5.15;a(9,8)=16.95;a(9,9)=-16.95;a(12,9)=25.98;a(10,10)=-4.67;
a(11,10)=26.32;a(11,11)=-26.32;a(12,11)=25.98;a(12,12)=-25.98;
a(13,12)=20;a(13,13)=-20;a(14,13)=20;a(14,14)=-20;
a(15,6)=1.77;a(15,15)=-7.69;a(16,16)=-10;a(17,17)=-3.38;a(18,15)=25.97;
a(18,16)=25.97;a(18,17)=25.97;a(18,18)=-25.97;
b=zeros(18,4);b(1,1)=.101;b(2,1)=-.237;b(4,2)=.285;b(5,2)=.22;
b(6,2)=4.76;b(10,2)=-10.23;b(6,3)=3;b(16,2)=5.27;b(17,4)=.34;
c=zeros(4,18);c(1,1)=2.262;c(2,1)=1;c(1,3)=-2;c(2,3)=-1;c(1,4)=-1;
c(1,5)=1;c(2,5)=1;c(2,7)=1;c(3,14)=1;c(4,18)=1;
e=zeros(18,2);e(4,1)=.285;e(5,1)=.22;e(6,1)=4.76;e(10,1)=-10.23;
e(16,1)=5.27;
